150 50

0 1 1
1 2 1
2 3 1
3 4 1
4 5 1
5 6 1
6 7 1
7 8 1
8 9 1
9 10 1
10 11 1
11 12 1
12 13 1
13 14 1
14 15 1
15 16 1
16 17 1
17 18 1
18 19 1
19 20 1
20 21 1
21 22 1
22 23 1
23 24 1
24 25 1
25 26 1
26 27 1
27 28 1
28 29 1
29 30 1
30 31 1
31 32 1
32 33 1
33 34 1
34 35 1
35 36 1
36 37 1
37 38 1
38 39 1
39 40 1
40 41 1
41 42 1
42 43 1
43 44 1
44 45 1
45 46 1
46 47 1
47 48 1
48 49 1
49 0 1


0 5 4
1 6 4
2 7 4
3 8 4
4 9 4
5 10 4
6 11 4
7 12 4
8 13 4
9 14 4
10 15 4
11 16 4
12 17 4
13 18 4
14 19 4
15 20 4
16 21 4
17 22 4
18 23 4
19 24 4
20 25 4
21 26 4
22 27 4
23 28 4
24 29 4
25 30 4
26 31 4
27 32 4
28 33 4
29 34 4
30 35 4
31 36 4
32 37 4
33 38 4
34 39 4
35 40 4
36 41 4
37 42 4
38 43 4
39 44 4
40 45 4
41 46 4
42 47 4
43 48 4
44 49 4
45 0 4
46 1 4
47 2 4
48 3 4
49 4 4


0 10 7
1 11 7
2 12 7
3 13 7
4 14 7
5 15 7
6 16 7
7 17 7
8 18 7
9 19 7
10 20 7
11 21 7
12 22 7
13 23 7
14 24 7
15 25 7
16 26 7
17 27 7
18 28 7
19 29 7
20 30 7
21 31 7
22 32 7
23 33 7
24 34 7
25 35 7
26 36 7
27 37 7
28 38 7
29 39 7
30 40 7
31 41 7
32 42 7
33 43 7
34 44 7
35 45 7
36 46 7
37 47 7
38 48 7
39 49 7
40 0 7
41 1 7
42 2 7
43 3 7
44 4 7
45 5 7
46 6 7
47 7 7
48 8 7
49 9 7
